;; I will eventually write another program to make this part easier.
players
; id | name$ | [counter values]
1|"White"|
2|"Black"|

moves
;id,dx,dy | move,capture[,non-jumping] | [counter values] | [chain moves' ids] | next moves' ids
;pawn
1, 0, 1|1,0|||1,2,3
2,-1, 1|0,1|||1,2,3
3, 1, 1|0,1|||1,2,3
4, 0,-1|1,0|||4,5,6
5,-1,-1|0,1|||4,5,6
6, 1,-1|0,1|||4,5,6
101,0, 2|1,0|||1,2,3
102,0,-2|1,0|||4,5,6
;bishop
7, 1, 1|2,1||7|7,8,9,10
8,-1, 1|2,1||8|7,8,9,10
9, 1,-1|2,1||9|7,8,9,10
10,-1,-1|2,1||10|7,8,9,10
;rook
11, 0, 1|2,1||11|11,12,13,14
12, 1, 0|2,1||12|11,12,13,14
13, 0,-1|2,1||13|11,12,13,14
14,-1, 0|2,1||14|11,12,13,14
;knight
15, 1, 2|1,1|||15,16,17,18,19,20,21,22
16, 2, 1|1,1|||15,16,17,18,19,20,21,22
17,-1, 2|1,1|||15,16,17,18,19,20,21,22
18,-2, 1|1,1|||15,16,17,18,19,20,21,22
19, 1,-2|1,1|||15,16,17,18,19,20,21,22
20, 2,-1|1,1|||15,16,17,18,19,20,21,22
21,-1,-2|1,1|||15,16,17,18,19,20,21,22
22,-2,-1|1,1|||15,16,17,18,19,20,21,22
;king
23, 0, 1|1,1|||23,24,25,26,27,28,29,30
24, 1, 0|1,1|||23,24,25,26,27,28,29,30
25, 1, 1|1,1|||23,24,25,26,27,28,29,30
26, 0,-1|1,1|||23,24,25,26,27,28,29,30
27,-1, 0|1,1|||23,24,25,26,27,28,29,30
28,-1, 1|1,1|||23,24,25,26,27,28,29,30
29, 1,-1|1,1|||23,24,25,26,27,28,29,30
30,-1,-1|1,1|||23,24,25,26,27,28,29,30
;queen
31, 0, 1|2,1|||31,32,33,34,35,36,37,38
32, 0,-1|2,1|||31,32,33,34,35,36,37,38
33, 1, 1|2,1|||31,32,33,34,35,36,37,38
34, 1,-1|2,1|||31,32,33,34,35,36,37,38
35, 1, 0|2,1|||31,32,33,34,35,36,37,38
36,-1, 1|2,1|||31,32,33,34,35,36,37,38
37,-1, 0|2,1|||31,32,33,34,35,36,37,38
38,-1,-1|2,1|||31,32,33,34,35,36,37,38
;special moves
;en passant
105,-1,-1|1,0|||4,5,6
106, 1,-1|1,0|||4,5,6
107, 1, 1|1,0|||1,2,3
108,-1, 1|1,0|||1,2,3
;castling
110,-2, 0|1,0,1|||23,24,25,26,27,28,29,30
111, 2, 0|1,0,1|||23,24,25,26,27,28,29,30
112,-2, 0|1,0,1|||11,12,13,14
113, 3, 0|1,0,1|||11,12,13,14

pieces
;id | imgx,imgy,imgsrc$ | mobile,vulnerable,name$ | moves' ids
1|0,0,"pawnWhite.png"|1,0,"White Pawn"|1,2,3,101
2|0,0,"pawnBlack.png"|1,0,"Black Pawn"|4,5,6,102
3|0,0,"bishopWhite.png"|1,0,"White Bishop"|7,8,9,10
4|0,0,"bishopBlack.png"|1,0,"Black Bishop"|7,8,9,10
5|0,0,"knightWhite.png"|1,0,"White Knight"|15,16,17,18,19,20,21,21
6|0,0,"knightBlack.png"|1,0,"Black Knight"|15,16,17,18,19,20,21,21
7|0,0,"rookWhite.png"|1,0,"White Rook"|11,12,13,14
8|0,0,"rookBlack.png"|1,0,"Black Rook"|11,12,13,14
9|0,0,"queenWhite.png"|1,0,"White Queen"|31,32,33,34,35,36,37,38
10|0,0,"queenBlack.png"|1,0,"Black Queen"|31,32,33,34,35,36,37,38
11|0,0,"kingWhite.png"|1,1,"White King"|23,24,25,26,27,28,29,30,110,111
12|0,0,"kingBlack.png"|1,1,"Black King"|23,24,25,26,27,28,29,30,110,111

specials
; name$ | [parameters]
"en passant"|101,102,105,106,107,108
"castling"|

cell images
;id | name$, filename$ [| maskR, maskG, maskB]
1 |"selected","cellSelected.png"|1,1,1
2 |"allowed","cellAllowed.png"|1,1,1
3 |"white","cellWhite.png"
4 |"black","cellBlack.png"
5 |"denied","cellDenied.png"|1,1,1

cells
;id | imgx,imgy,imgsrc | northId,eastId,southId,westId | [piece id, piece imgx, piece imgy] | [player(s) id(s)]
1| 50, 50,3|0,2,9,0|7,10,10|1
2| 70, 50,4|0,3,10,1|5,10,10|1
3| 90, 50,3|0,4,11,2|3,10,10|1
4| 110, 50,4|0,5,12,3|11,10,10|1
5| 130, 50,3|0,6,13,4|9,10,10|1
6| 150, 50,4|0,7,14,5|3,10,10|1
7| 170, 50,3|0,8,15,6|5,10,10|1
8| 190, 50,4|0,0,16,7|7,10,10|1
9| 50, 70,4|1,10,17,0|1,10,10|1
10| 70, 70,3|2,11,18,9|1,10,10|1
11| 90, 70,4|3,12,19,10|1,10,10|1
12| 110, 70,3|4,13,20,11|1,10,10|1
13| 130, 70,4|5,14,21,12|1,10,10|1
14| 150, 70,3|6,15,22,13|1,10,10|1
15| 170, 70,4|7,16,23,14|1,10,10|1
16| 190, 70,3|8,0,24,15|1,10,10|1
17| 50, 90,3|9,18,25,0||
18| 70, 90,4|10,19,26,17||
19| 90, 90,3|11,20,27,18||
20| 110, 90,4|12,21,28,19||
21| 130, 90,3|13,22,29,20||
22| 150, 90,4|14,23,30,21||
23| 170, 90,3|15,24,31,22||
24| 190, 90,4|16,0,32,23||
25| 50, 110,4|17,26,33,0||
26| 70, 110,3|18,27,34,25||
27| 90, 110,4|19,28,35,26||
28| 110, 110,3|20,29,36,27||
29| 130, 110,4|21,30,37,28||
30| 150, 110,3|22,31,38,29||
31| 170, 110,4|23,32,39,30||
32| 190, 110,3|24,0,40,31||
33| 50, 130,3|25,34,41,0||
34| 70, 130,4|26,35,42,33||
35| 90, 130,3|27,36,43,34||
36| 110, 130,4|28,37,44,35||
37| 130, 130,3|29,38,45,36||
38| 150, 130,4|30,39,46,37||
39| 170, 130,3|31,40,47,38||
40| 190, 130,4|32,0,48,39||
41| 50, 150,4|33,42,49,0||
42| 70, 150,3|34,43,50,41||
43| 90, 150,4|35,44,51,42||
44| 110, 150,3|36,45,52,43||
45| 130, 150,4|37,46,53,44||
46| 150, 150,3|38,47,54,45||
47| 170, 150,4|39,48,55,46||
48| 190, 150,3|40,0,56,47||
49| 50, 170,3|41,50,57,0|2,10,10|2
50| 70, 170,4|42,51,58,49|2,10,10|2
51| 90, 170,3|43,52,59,50|2,10,10|2
52| 110, 170,4|44,53,60,51|2,10,10|2
53| 130, 170,3|45,54,61,52|2,10,10|2
54| 150, 170,4|46,55,62,53|2,10,10|2
55| 170, 170,3|47,56,63,54|2,10,10|2
56| 190, 170,4|48,0,64,55|2,10,10|2
57| 50, 190,4|49,58,0,0|8,10,10|2
58| 70, 190,3|50,59,0,57|6,10,10|2
59| 90, 190,4|51,60,0,58|4,10,10|2
60| 110, 190,3|52,61,0,59|12,10,10|2
61| 130, 190,4|53,62,0,60|10,10,10|2
62| 150, 190,3|54,63,0,61|4,10,10|2
63| 170, 190,4|55,64,0,62|6,10,10|2
64| 190, 190,3|56,0,0,63|8,10,10|2

promotion
;promotable id | promote-To id(s) | promotion cell id(s)
1 | 9,7,5,3 | 57,58,59,60,61,62,63,64
2 | 10,8,6,4 | 1,2,3,4,5,6,7,8

wld
;id,type$ | kind$,params | kind$,params | etc...
1,"lose" | "trap",11
2,"lose" | "trap",12

