1| 50, 50,"cellWhite.png"|0,2,9,0|7,10,10|1
2| 70, 50,"cellBlack.png"|0,3,10,1|5,10,10|1
3| 90, 50,"cellWhite.png"|0,4,11,2|3,10,10|1
4| 110, 50,"cellBlack.png"|0,5,12,3|11,10,10|1
5| 130, 50,"cellWhite.png"|0,6,13,4|9,10,10|1
6| 150, 50,"cellBlack.png"|0,7,14,5|3,10,10|1
7| 170, 50,"cellWhite.png"|0,8,15,6|5,10,10|1
8| 190, 50,"cellBlack.png"|0,0,16,7|7,10,10|1
9| 50, 70,"cellBlack.png"|1,10,17,0|1,10,10|1
10| 70, 70,"cellWhite.png"|2,11,18,9|1,10,10|1
11| 90, 70,"cellBlack.png"|3,12,19,10|1,10,10|1
12| 110, 70,"cellWhite.png"|4,13,20,11|1,10,10|1
13| 130, 70,"cellBlack.png"|5,14,21,12|1,10,10|1
14| 150, 70,"cellWhite.png"|6,15,22,13|1,10,10|1
15| 170, 70,"cellBlack.png"|7,16,23,14|1,10,10|1
16| 190, 70,"cellWhite.png"|8,0,24,15|1,10,10|1
17| 50, 90,"cellWhite.png"|9,18,25,0||
18| 70, 90,"cellBlack.png"|10,19,26,17||
19| 90, 90,"cellWhite.png"|11,20,27,18||
20| 110, 90,"cellBlack.png"|12,21,28,19||
21| 130, 90,"cellWhite.png"|13,22,29,20||
22| 150, 90,"cellBlack.png"|14,23,30,21||
23| 170, 90,"cellWhite.png"|15,24,31,22||
24| 190, 90,"cellBlack.png"|16,0,32,23||
25| 50, 110,"cellBlack.png"|17,26,33,0||
26| 70, 110,"cellWhite.png"|18,27,34,25||
27| 90, 110,"cellBlack.png"|19,28,35,26||
28| 110, 110,"cellWhite.png"|20,29,36,27||
29| 130, 110,"cellBlack.png"|21,30,37,28||
30| 150, 110,"cellWhite.png"|22,31,38,29||
31| 170, 110,"cellBlack.png"|23,32,39,30||
32| 190, 110,"cellWhite.png"|24,0,40,31||
33| 50, 130,"cellWhite.png"|25,34,41,0||
34| 70, 130,"cellBlack.png"|26,35,42,33||
35| 90, 130,"cellWhite.png"|27,36,43,34||
36| 110, 130,"cellBlack.png"|28,37,44,35||
37| 130, 130,"cellWhite.png"|29,38,45,36||
38| 150, 130,"cellBlack.png"|30,39,46,37||
39| 170, 130,"cellWhite.png"|31,40,47,38||
40| 190, 130,"cellBlack.png"|32,0,48,39||
41| 50, 150,"cellBlack.png"|33,42,49,0||
42| 70, 150,"cellWhite.png"|34,43,50,41||
43| 90, 150,"cellBlack.png"|35,44,51,42||
44| 110, 150,"cellWhite.png"|36,45,52,43||
45| 130, 150,"cellBlack.png"|37,46,53,44||
46| 150, 150,"cellWhite.png"|38,47,54,45||
47| 170, 150,"cellBlack.png"|39,48,55,46||
48| 190, 150,"cellWhite.png"|40,0,56,47||
49| 50, 170,"cellWhite.png"|41,50,57,0|2,10,10|2
50| 70, 170,"cellBlack.png"|42,51,58,49|2,10,10|2
51| 90, 170,"cellWhite.png"|43,52,59,50|2,10,10|2
52| 110, 170,"cellBlack.png"|44,53,60,51|2,10,10|2
53| 130, 170,"cellWhite.png"|45,54,61,52|2,10,10|2
54| 150, 170,"cellBlack.png"|46,55,62,53|2,10,10|2
55| 170, 170,"cellWhite.png"|47,56,63,54|2,10,10|2
56| 190, 170,"cellBlack.png"|48,0,64,55|2,10,10|2
57| 50, 190,"cellBlack.png"|49,58,0,0|8,10,10|2
58| 70, 190,"cellWhite.png"|50,59,0,57|6,10,10|2
59| 90, 190,"cellBlack.png"|51,60,0,58|4,10,10|2
60| 110, 190,"cellWhite.png"|52,61,0,59|10,10,10|2
61| 130, 190,"cellBlack.png"|53,62,0,60|12,10,10|2
62| 150, 190,"cellWhite.png"|54,63,0,61|4,10,10|2
63| 170, 190,"cellBlack.png"|55,64,0,62|6,10,10|2
64| 190, 190,"cellWhite.png"|56,0,0,63|8,10,10|2
