;; I will eventually write another program to make this part easier.
players
; id | name$ | [counter values]
1|"White"|
2|"Black"|

moves
;id,dx,dy | move,capture[,non-jumping] | [counter values] | [chain moves' ids] | next moves' ids
;pawn
1,-1, 1|1,0|||1,2,3
2,-1, 0|0,1|||1,2,3
3, 0, 1|0,1|||1,2,3
4, 1,-1|1,0|||4,5,6
5, 1, 0|0,1|||4,5,6
6, 0,-1|0,1|||4,5,6
101,-2, 2|1,0|||1,2,3
102, 2,-2|1,0|||4,5,6
;bishop
7,-2, 1|2,1||7|7,8,9,10,11,12
8,-1, 2|2,1||8|7,8,9,10,11,12
9, 1, 1|2,1||9|7,8,9,10,11,12
10,-1,-1|2,1||10|7,8,9,10,11,12
11, 2,-1|2,1||10|7,8,9,10,11,12
12, 1,-2|2,1||10|7,8,9,10,11,12
;rook
13, 0, 1|2,1||13|13,14,15,16,17,18
14, 1, 0|2,1||14|13,14,15,16,17,18
15, 0,-1|2,1||15|13,14,15,16,17,18
16,-1, 0|2,1||16|13,14,15,16,17,18
17,-1, 1|2,1||17|13,14,15,16,17,18
18, 1,-1|2,1||18|13,14,15,16,17,18
;knight
19,-2, 3|2,1||19|19,20,21,22,23,24,25,26,27,28,29,30
20,-1, 3|2,1||20|19,20,21,22,23,24,25,26,27,28,29,30
21, 1, 2|2,1||21|19,20,21,22,23,24,25,26,27,28,29,30
22, 2, 1|2,1||22|19,20,21,22,23,24,25,26,27,28,29,30
23, 3,-1|2,1||23|19,20,21,22,23,24,25,26,27,28,29,30
24, 3,-2|2,1||24|19,20,21,22,23,24,25,26,27,28,29,30
25, 2,-3|2,1||25|19,20,21,22,23,24,25,26,27,28,29,30
26, 1,-3|2,1||26|19,20,21,22,23,24,25,26,27,28,29,30
27,-1,-2|2,1||27|19,20,21,22,23,24,25,26,27,28,29,30
28,-2,-1|2,1||28|19,20,21,22,23,24,25,26,27,28,29,30
29,-3, 1|2,1||29|19,20,21,22,23,24,25,26,27,28,29,30
30,-3, 2|2,1||30|19,20,21,22,23,24,25,26,27,28,29,30
;king
31,-1, 1|1,1||31|31,32,33,34,35,36,37,38,39,40,41,42
32, 0, 1|1,1||32|31,32,33,34,35,36,37,38,39,40,41,42
33, 1, 0|1,1||33|31,32,33,34,35,36,37,38,39,40,41,42
34, 1,-1|1,1||34|31,32,33,34,35,36,37,38,39,40,41,42
35, 0,-1|1,1||35|31,32,33,34,35,36,37,38,39,40,41,42
36,-1, 0|1,1||36|31,32,33,34,35,36,37,38,39,40,41,42
37,-2, 1|1,1||37|31,32,33,34,35,36,37,38,39,40,41,42
38,-1, 2|1,1||38|31,32,33,34,35,36,37,38,39,40,41,42
39, 1, 1|1,1||39|31,32,33,34,35,36,37,38,39,40,41,42
40,-1,-1|1,1||40|31,32,33,34,35,36,37,38,39,40,41,42
41, 2,-1|1,1||41|31,32,33,34,35,36,37,38,39,40,41,42
42, 1,-2|1,1||42|31,32,33,34,35,36,37,38,39,40,41,42
;queen
43,-1, 1|2,1||43|43,44,45,46,47,48,49,50,51,52,53,54
44, 0, 1|2,1||44|43,44,45,46,47,48,49,50,51,52,53,54
45, 1, 0|2,1||45|43,44,45,46,47,48,49,50,51,52,53,54
46, 1,-1|2,1||46|43,44,45,46,47,48,49,50,51,52,53,54
47, 0,-1|2,1||47|43,44,45,46,47,48,49,50,51,52,53,54
48,-1, 0|2,1||48|43,44,45,46,47,48,49,50,51,52,53,54
49,-2, 1|2,1||49|43,44,45,46,47,48,49,50,51,52,53,54
50,-1, 2|2,1||50|43,44,45,46,47,48,49,50,51,52,53,54
51, 1, 1|2,1||51|43,44,45,46,47,48,49,50,51,52,53,54
52,-1,-1|2,1||52|43,44,45,46,47,48,49,50,51,52,53,54
53, 2,-1|2,1||53|43,44,45,46,47,48,49,50,51,52,53,54
54, 1,-2|2,1||54|43,44,45,46,47,48,49,50,51,52,53,54
;special moves
;en passant
105,-1,-1|1,0|||4,5,6
106, 1,-1|1,0|||4,5,6
107, 1, 1|1,0|||1,2,3
108,-1, 1|1,0|||1,2,3

pieces
;id | imgx,imgy,imgsrc$ | mobile,vulnerable,name$ | moves' ids
1|0,0,"pawnWhite.png"|1,0,"White Pawn"|4,5,6,102
2|0,0,"pawnBlack.png"|1,0,"Black Pawn"|1,2,3,101
3|0,0,"bishopWhite.png"|1,0,"White Bishop"|7,8,9,10,11,12
4|0,0,"bishopBlack.png"|1,0,"Black Bishop"|7,8,9,10,11,12
5|0,0,"knightWhite.png"|1,0,"White Knight"|19,20,21,22,23,24,25,26,27,28,29,30
6|0,0,"knightBlack.png"|1,0,"Black Knight"|19,20,21,22,23,24,25,26,27,28,29,30
7|0,0,"rookWhite.png"|1,0,"White Rook"|13,14,15,16,17,18
8|0,0,"rookBlack.png"|1,0,"Black Rook"|13,14,15,16,17,18
9|0,0,"queenWhite.png"|1,0,"White Queen"|43,44,45,46,47,48,49,50,51,52,53,54
10|0,0,"queenBlack.png"|1,0,"Black Queen"|43,44,45,46,47,48,49,50,51,52,53,54
11|0,0,"kingWhite.png"|1,1,"White King"|31,32,33,34,35,36,37,38,39,40,41,42
12|0,0,"kingBlack.png"|1,1,"Black King"|31,32,33,34,35,36,37,38,39,40,41,42

specials
; name$ | [parameters]
"en passant"|101,102,105,106,107,108
"castling"|

cell images
;id | name$, filename$ [| maskR, maskG, maskB]
1 |"selected","cellSelected.png"|181, 230, 29
2 |"allowed","cellAllowed.png"|181, 230, 29
3 |"denied","cellDenied.png"|181, 230, 29
4 |"dark","cellDark.png"|181, 230, 29
5 |"light","cellLight.png"|181, 230, 29
6 |"med","cellMed.png"|181, 230, 29

cells
;id | imgx,imgy,imgsrc | northId,eastId,southId,westId | [piece id, piece imgx, piece imgy] | [player(s) id(s)]
1|200,47,4|11,2,0,0||
2|230,64,6|12,3,0,1||
3|260,81,5|13,4,0,2||
4|290,99,4|14,5,0,3||
5|320,116,6|15,6,0,4||
6|350,133,5|16,0,0,5||
11|170,64,6|21,12,1,0||
12|200,81,5|22,13,2,11||
13|230,99,4|23,14,3,12||
14|260,116,6|24,15,4,13||
15|290,133,5|25,16,5,14||
16|320,151,4|26,17,6,15||
17|350,168,6|27,0,7,16||
21|140,81,5|31,22,11,0||
22|170,99,4|32,23,12,21||
23|200,116,6|33,24,13,22||
24|230,133,5|34,25,14,23||
25|260,151,4|35,26,15,24||
26|290,168,6|36,27,16,25||
27|320,185,5|37,28,17,26||
28|350,203,4|38,0,18,27||
31|110,99,4|41,32,21,0||
32|140,116,6|42,33,22,31||
33|170,133,5|43,34,23,32||
34|200,151,4|44,35,24,33||
35|230,168,6|45,36,25,34||
36|260,185,5|46,37,26,35||
37|290,203,4|47,38,27,36||
38|320,220,6|48,39,28,37||
39|350,237,5|49,0,29,38||
41|80,116,6|51,42,31,0||
42|110,133,5|52,43,32,41||
43|140,151,4|53,44,33,42||
44|170,168,6|54,45,34,43||
45|200,185,5|55,46,35,44||
46|230,203,4|56,47,36,45||
47|260,220,6|57,48,37,46||
48|290,237,5|58,49,38,47||
49|320,255,4|59,50,39,48||
50|350,272,6|60,0,40,49||
51|50,133,5|61,52,41,0||
52|80,151,4|62,53,42,51||
53|110,168,6|63,54,43,52||
54|140,185,5|64,55,44,53||
55|170,203,4|65,56,45,54||
56|200,220,6|66,57,46,55|9,20,20|1,2
57|230,237,5|67,58,47,56||
58|260,255,4|68,59,48,57||
59|290,272,6|69,60,49,58||
60|320,289,5|70,61,50,59||
61|350,307,4|71,0,51,60||
62|50,168,6|72,63,52,0||
63|80,185,5|73,64,53,62||
64|110,203,4|74,65,54,63||
65|140,220,6|75,66,55,64||
66|170,237,5|76,67,56,65||
67|200,255,4|77,68,57,66||
68|230,272,6|78,69,58,67|2,20,20|2
69|260,289,5|79,70,59,68||
70|290,307,4|80,71,60,69||
71|320,324,6|81,0,61,70||
73|50,203,4|83,74,63,0||
74|80,220,6|84,75,64,73||
75|110,237,5|85,76,65,74||
76|140,255,4|86,77,66,75||
77|170,272,6|87,78,67,76||
78|200,289,5|88,79,68,77||
79|230,307,4|89,80,69,78||
80|260,324,6|90,81,70,79||
81|290,341,5|91,0,71,80||
84|50,237,5|94,85,74,0||
85|80,255,4|95,86,75,84||
86|110,272,6|96,87,76,85||
87|140,289,5|97,88,77,86||
88|170,307,4|98,89,78,87||
89|200,324,6|99,90,79,88||
90|230,341,5|100,91,80,89||
91|260,359,4|101,0,81,90||
95|50,272,6|105,96,85,0||
96|80,289,5|106,97,86,95||
97|110,307,4|107,98,87,96||
98|140,324,6|108,99,88,97||
99|170,341,5|109,100,89,98||
100|200,359,4|110,101,90,99||
101|230,376,6|111,0,91,100||
106|50,307,4|0,107,96,0||
107|80,324,6|0,108,97,106||
108|110,341,5|0,109,98,107||
109|140,359,4|0,110,99,108||
110|170,376,6|0,111,100,109||
111|200,393,5|0,0,101,110||

promotion
;promotable id | promote-To id(s) | promotion cell id(s)
;1 | 9,7,5,3 | 57,58,59,60,61,62,63,64
;2 | 10,8,6,4 | 1,2,3,4,5,6,7,8


